positive/1689274443.0039146.jpg 3 403 634 46 43 365 289 23 29 1135 239 20 21
positive/1689274446.8169568.jpg 2 819 280 20 24 337 270 20 24
positive/1689274451.8243318.jpg 3 204 572 53 59 540 272 21 25 1186 250 16 15
positive/1689274456.437514.jpg 3 213 587 45 58 266 213 25 20 1100 300 22 20
positive/1689274460.1875625.jpg 1 802 244 16 21
positive/1689274465.7750354.jpg 4 856 354 31 35 398 378 26 25 704 183 14 18 425 186 13 17
positive/1689274472.387844.jpg 3 465 620 65 57 356 211 20 26 838 247 21 21
positive/1689274477.0373168.jpg 3 630 277 20 27 358 154 21 16 1115 225 22 20
positive/1689274481.2334976.jpg 3 422 242 17 24 879 191 17 25 1048 652 53 46
positive/1689274487.9544256.jpg 2 1031 384 29 26 411 186 23 22
positive/1689274534.324255.jpg 3 320 656 49 57 1180 503 43 34 723 168 17 23
positive/1689274538.970339.jpg 3 961 570 42 64 200 598 46 46 538 215 17 18
positive/1689274543.7220542.jpg 2 1061 484 36 42 691 190 18 19
positive/1689274566.8523545.jpg 2 752 427 30 32 503 205 16 17
positive/1689274570.8278477.jpg 3 285 339 26 23 976 526 42 37 864 215 20 22
positive/1689274577.8712785.jpg 2 881 375 22 22 498 253 17 22
positive/1689274581.6686034.jpg 3 499 242 17 21 830 222 16 23 454 185 14 12
positive/1689274585.737498.jpg 2 257 347 34 20 817 240 23 22
positive/1689274590.0724072.jpg 0
positive/1689274611.2019026.jpg 2 912 193 18 21 484 179 18 19
positive/1689274617.8845913.jpg 2 814 633 46 37 597 154 15 16
positive/1689274624.3131368.jpg 2 911 227 18 19 271 193 17 15
positive/1689274630.00581.jpg 4 305 516 39 43 437 284 22 24 997 342 21 24 902 215 17 9
positive/1689274634.213371.jpg 1 891 285 16 23
positive/1689274638.8875067.jpg 2 958 278 21 27 854 151 12 13
positive/1689274642.418594.jpg 3 443 346 25 24 774 288 21 24 1142 612 50 68
positive/1689274645.7933662.jpg 2 434 231 17 22 833 246 18 20
positive/1689274651.2342794.jpg 5 476 480 43 38 292 199 19 19 724 210 16 22 680 138 15 15 1156 300 19 21
positive/1689274656.0696428.jpg 2 600 306 25 26 304 195 22 17
positive/1689274660.935135.jpg 2 581 221 17 20 1047 399 32 30
positive/1689274666.9651022.jpg 2 257 391 47 40 282 173 19 16
positive/1689274680.3919034.jpg 4 811 645 56 51 367 274 31 23 341 158 21 16 944 194 22 23
positive/1689274683.762307.jpg 2 680 289 24 22 621 188 18 16
positive/1689274691.3702216.jpg 3 835 359 23 25 282 384 33 30 463 204 15 16
positive/1689274698.7880094.jpg 2 654 145 15 15 811 245 21 19
positive/1689274702.2328045.jpg 2 413 226 19 20 978 211 24 23
positive/1689274706.954542.jpg 1 649 241 21 21
positive/1689274712.064594.jpg 2 391 278 26 26 833 183 22 24
positive/1689274716.5021975.jpg 1 1004 189 17 19
positive/1689274744.6562486.jpg 4 855 405 33 37 532 144 14 16 857 142 20 19 564 99 18 21
positive/1689274749.2335095.jpg 3 290 355 37 29 1019 433 34 34 424 138 21 19
positive/1689274755.06736.jpg 1 787 215 16 21
positive/1689274763.661796.jpg 3 895 434 36 36 272 403 38 42 584 173 16 19
positive/1689274768.2426105.jpg 2 528 543 48 55 872 221 20 30
positive/1689274773.7106378.jpg 2 268 275 33 31 842 521 39 43
positive/1689274780.0405836.jpg 3 1139 370 28 35 438 234 22 23 437 115 15 14
positive/1689274838.5565968.jpg 3 465 495 45 37 1114 218 27 33 209 237 30 29
positive/1689275086.767112.jpg 3 560 430 35 30 832 200 16 22 602 204 19 17
positive/1689275178.6649215.jpg 2 442 328 28 22 956 191 15 19
